36296082789
48588693212
43028174011
61383340066
23729202183
15747958379
28960015496
76608762148
65797648291
58215044195
77403947261
36342076855
34031716204
46728315139
75034473782
7411093538
56444827980
72631519334
59499317209
16664473103
67787785227
25160685103
17271705226
5308463049
46868875990
59499317209
71302363758
38241400650
2117159809
244695111
77248609873
14092270595
72659271346
41328204949
60940283716
43028174011
77304899464
9273316579
58870321597
37933772927
36845571870
37933772927
76608762148
65797648291
58215044195
2958494913
39061055184
30590516727
25824654892
17271705226
62849036109
76439871155
9894440477
5308463049
30234057360
71302363758
71065791443
12549552174
77403947261
36342076855
41210071859
770789183
7084013952
41443131011
38013748746
15733885008
12549552174
1131621219
22586610404
33843874979
24915117126
30234057360
77416034301
5308463049
47866189678
1011979657
27836446557
10555222160
36184856192
10974380429
15733885008
23729202183
15747958379
38777642722
77250942935
10885235189
10321212290
51363016575
58215044195
76439871155
60424044205
39061055184
41210071859
65797648291
70501302137
13350415951
15733885008
12549552174
15733885008
31503613806
51363016575
30590516727
57676330811
57830461189
69628063875
25160685103
1011979657
77403947261
36342076855
73207983719
65797648291
58215044195
77431567613
15733885008
5782846426
39061055184
37952324221
5782846426
65797648291
1131621219
58215044195
30234057360
58215044195
43384581663
70082831843
23729202183
15747958379
42151092598
38777642722
64921574180
54486830620
41866843002
25824654892
17271705226
39061055184
41210071859
40785308756
58215044195
32395376094
23729202183
21078862616
8378721659
18142392391
1131621219
36474471722
30234057360
41827704557
71065791443
10814914635
43518403504
49163062317
51363016575
77250942935
5308463049
58038305410
74117059710
2117159809
38241400650
8052836070
80096230291
13205048120
61613013794
71065791443
12549552174
50514476181
5782846426
770789183
71685387780
25160685103
36184856192
12951415028
64998531930
27558369783
53906686986
8052836070
80096230291
50344116708
41210071859
2808061386
21078862616
5308463049
58652676443
41471401683
39061055184
65758421616
79871977292
36184856192
14235807362
37952324221
30590516727
47667940562
7757344530
43361885296
30377378330
41861169953
58652676443
41210071859
55968032111
57830461189
41443131011
5308463049
43665250105
69012680156
54672145029
2808061386
12951415028
38241400650
41062875179
25300652501
10355257011
10814914635
1131621219
62586412685
58215044195
73398865148
10555222160
15747958379
393826791
41443131011
5308463049
8676871597
12260339260
27558369783
5308463049
8052836070
58215044195
34509571018
76433332812
51363016575
58215044195
10321212290
2653750351
10555222160
55925714532
77250942935
58722806655
58215044195
8052836070
58215044195
43581002828
55925714532
30590516727
15747958379
12549552174
37648554973
77555573124
31503613806
10438423414
41210071859
40785308756
58215044195
25777052800
58722806655
46665930905
23855613272
37153553498
